18571007_FB_SF_WPF_Nov10_SWS_EXP.swf Movie Report
--------------------------------------------------

Metadata
--------
Bytes    Value
-----    -----
 1280    <rdf:RDF xmlns:rdf="http://www.w3.org/1999/02/22-rdf-syntax-ns#"> <rdf:Description rdf:about="" xmlns:xmp="http://ns.adobe.com/xap/1.0/"> <xmp:CreatorTool>Adobe Flash CS4 Professional</xmp:CreatorTool> <xmp:CreateDate>2010-08-26T17:20:22+01:00</xmp:CreateDate> <xmp:MetadataDate>2010-11-18T13:18:01Z</xmp:MetadataDate> <xmp:ModifyDate>2010-11-18T13:18:01Z</xmp:ModifyDate> </rdf:Description> <rdf:Description rdf:about="" xmlns:dc="http://purl.org/dc/elements/1.1/"> <dc:format>application/x-shockwave-flash</dc:format> </rdf:Description> <rdf:Description rdf:about="" xmlns:xmpMM="http://ns.adobe.com/xap/1.0/mm/" xmlns:stRef="http://ns.adobe.com/xap/1.0/sType/ResourceRef#"> <xmpMM:InstanceID>xmp.iid:B515529E15F3DF118037F72AA30FCD73</xmpMM:InstanceID> <xmpMM:DocumentID>xmp.did:B515529E15F3DF118037F72AA30FCD73</xmpMM:DocumentID> <xmpMM:OriginalDocumentID>xmp.did:C77D184F2BB1DF11BA08930025F44674</xmpMM:OriginalDocumentID> <xmpMM:DerivedFrom rdf:parseType="Resource"> <stRef:instanceID>xmp.iid:9CB5CD5530E8DF1184A8D69F1D676145</stRef:instanceID> <stRef:documentID>xmp.did:9CB5CD5530E8DF1184A8D69F1D676145</stRef:documentID> <stRef:originalDocumentID>xmp.did:C77D184F2BB1DF11BA08930025F44674</stRef:originalDocumentID> </xmpMM:DerivedFrom> </rdf:Description> </rdf:RDF> 

Frame #    Frame Bytes    Total Bytes    Scene
-------    -----------    -----------    ----------------
      1          66231          66231    Scene 1 (AS 2.0 Classes Export Frame)
      2             13          66244    
      3             13          66257    
      4             13          66270    
      5             13          66283    
      6             13          66296    
      7             13          66309    
      8             13          66322    
      9             14          66336    
     10             14          66350    
     11             14          66364    
     12             14          66378    
     13             14          66392    
     14             14          66406    
     15             14          66420    
     16             14          66434    
     17             14          66448    
     18             14          66462    
     19             14          66476    
     20             14          66490    
     21             14          66504    
     22             14          66518    
     23             14          66532    
     24             14          66546    
     25             14          66560    
     26            178          66738    
     27             23          66761    
     28             13          66774    
     29             13          66787    
     30             13          66800    
     31             13          66813    
     32             13          66826    
     33             13          66839    
     34             13          66852    
     35             13          66865    
     36             23          66888    
     37             23          66911    
     38             18          66929    
     39              2          66931    
     40              2          66933    
     41              2          66935    
     42              2          66937    
     43              2          66939    
     44              2          66941    
     45              2          66943    
     46              2          66945    
     47              2          66947    
     48              2          66949    
     49              2          66951    
     50              2          66953    
     51              2          66955    
     52              2          66957    
     53              2          66959    
     54              2          66961    
     55              2          66963    
     56              2          66965    
     57              2          66967    
     58              2          66969    
     59              2          66971    
     60              2          66973    
     61              2          66975    
     62              2          66977    
     63              2          66979    
     64              2          66981    
     65              2          66983    
     66              2          66985    
     67              2          66987    
     68              2          66989    
     69              2          66991    
     70              2          66993    
     71              2          66995    
     72              2          66997    
     73              2          66999    
     74              2          67001    
     75              2          67003    
     76              2          67005    
     77              2          67007    
     78              2          67009    
     79              2          67011    
     80              2          67013    
     81              2          67015    
     82              2          67017    
     83              2          67019    
     84              2          67021    
     85              2          67023    
     86              2          67025    
     87              2          67027    
     88              2          67029    
     89              2          67031    
     90              2          67033    
     91              2          67035    
     92              2          67037    
     93              2          67039    
     94              2          67041    
     95              2          67043    
     96              2          67045    
     97              2          67047    
     98              2          67049    
     99              2          67051    
    100             23          67074    
    101             13          67087    
    102             13          67100    
    103             13          67113    
    104             13          67126    
    105             13          67139    
    106             13          67152    
    107             13          67165    
    108             13          67178    
    109             13          67191    
    110             13          67204    
    111            170          67374    
    112             23          67397    
    113             13          67410    
    114             13          67423    
    115             13          67436    
    116             13          67449    
    117             13          67462    
    118             13          67475    
    119             13          67488    
    120             13          67501    
    121             13          67514    
    122             13          67527    
    123             18          67545    
    124              2          67547    
    125              2          67549    
    126              2          67551    
    127              2          67553    
    128              2          67555    
    129              2          67557    
    130              2          67559    
    131              2          67561    
    132              2          67563    
    133              2          67565    
    134              2          67567    
    135              2          67569    
    136              2          67571    
    137              2          67573    
    138              2          67575    
    139              2          67577    
    140              2          67579    
    141              2          67581    
    142              2          67583    
    143              2          67585    
    144              2          67587    
    145              2          67589    
    146              2          67591    
    147              2          67593    
    148              2          67595    
    149              2          67597    
    150              2          67599    
    151              2          67601    
    152              2          67603    
    153              2          67605    
    154              2          67607    
    155              2          67609    
    156              2          67611    
    157              2          67613    
    158              2          67615    
    159              2          67617    
    160              2          67619    
    161              2          67621    
    162              2          67623    
    163              2          67625    
    164              2          67627    
    165              2          67629    
    166              2          67631    
    167              2          67633    
    168              2          67635    
    169              2          67637    
    170              2          67639    
    171              2          67641    
    172              2          67643    
    173              2          67645    
    174              2          67647    
    175              2          67649    
    176              2          67651    
    177              2          67653    
    178              2          67655    
    179              2          67657    
    180              2          67659    
    181              2          67661    
    182              2          67663    
    183              2          67665    
    184              2          67667    
    185              2          67669    
    186              2          67671    
    187              2          67673    
    188              2          67675    
    189              2          67677    
    190              2          67679    
    191              2          67681    
    192              2          67683    
    193              2          67685    
    194              2          67687    
    195              2          67689    
    196              2          67691    
    197              2          67693    
    198              2          67695    
    199              2          67697    
    200              2          67699    
    201              2          67701    
    202             23          67724    
    203             13          67737    
    204             13          67750    
    205             13          67763    
    206             13          67776    
    207             13          67789    
    208             13          67802    
    209             13          67815    
    210             13          67828    
    211            189          68017    
    212             23          68040    
    213             13          68053    
    214             13          68066    
    215             13          68079    
    216             13          68092    
    217             13          68105    
    218             13          68118    
    219             13          68131    
    220             13          68144    
    221             13          68157    
    222             18          68175    
    223              2          68177    
    224              2          68179    
    225              2          68181    
    226              2          68183    
    227              2          68185    
    228              2          68187    
    229              2          68189    
    230              2          68191    
    231              2          68193    
    232              2          68195    
    233              2          68197    
    234              2          68199    
    235              2          68201    
    236              2          68203    
    237              2          68205    
    238              2          68207    
    239              2          68209    
    240              2          68211    
    241              2          68213    
    242              2          68215    
    243              2          68217    
    244              2          68219    
    245              2          68221    
    246              2          68223    
    247              2          68225    
    248              2          68227    
    249              2          68229    
    250              2          68231    
    251              2          68233    
    252              2          68235    
    253              2          68237    
    254              2          68239    
    255              2          68241    
    256              2          68243    
    257              2          68245    
    258              2          68247    
    259              2          68249    
    260              2          68251    
    261              2          68253    
    262              2          68255    
    263              2          68257    
    264              2          68259    
    265              2          68261    
    266              2          68263    
    267              2          68265    
    268              2          68267    
    269              2          68269    
    270              2          68271    
    271              2          68273    
    272              2          68275    
    273              2          68277    
    274              2          68279    
    275              2          68281    
    276              2          68283    
    277              2          68285    
    278              2          68287    
    279              2          68289    
    280              2          68291    
    281              2          68293    
    282              2          68295    
    283              2          68297    
    284              2          68299    
    285              2          68301    
    286              2          68303    
    287              2          68305    
    288              2          68307    
    289              2          68309    
    290              2          68311    
    291              2          68313    
    292              2          68315    
    293              2          68317    
    294              2          68319    
    295              2          68321    
    296              2          68323    
    297              2          68325    
    298              2          68327    
    299              2          68329    
    300              2          68331    
    301             57          68388    
    302             23          68411    
    303             13          68424    
    304             13          68437    
    305             13          68450    
    306             13          68463    
    307             13          68476    
    308             13          68489    
    309             13          68502    
    310             13          68515    
    311             13          68528    
    312             23          68551    
    313              2          68553    
    314              2          68555    
    315              2          68557    
    316              2          68559    
    317              2          68561    
    318              2          68563    
    319              2          68565    
    320              2          68567    
    321              2          68569    
    322              2          68571    
    323              2          68573    
    324              2          68575    
    325              2          68577    
    326              2          68579    
    327              2          68581    
    328              2          68583    
    329              2          68585    
    330              2          68587    
    331              2          68589    
    332              2          68591    
    333              2          68593    
    334            189          68782    
    335             43          68825    
    336             43          68868    
    337             43          68911    
    338             43          68954    
    339             43          68997    
    340             43          69040    
    341             43          69083    
    342             43          69126    
    343             43          69169    
    344             43          69212    
    345             43          69255    
    346             43          69298    
    347             43          69341    
    348             43          69384    
    349             43          69427    
    350           2377          71804    
    351             13          71817    
    352             13          71830    
    353             13          71843    
    354             13          71856    
    355             13          71869    
    356             13          71882    
    357             13          71895    
    358             13          71908    
    359             13          71921    
    360             13          71934    
    361             13          71947    
    362              8          71955    
    363              2          71957    
    364              2          71959    
    365              2          71961    
    366              2          71963    
    367              2          71965    
    368              2          71967    
    369              2          71969    
    370              2          71971    
    371              2          71973    
    372              2          71975    
    373              2          71977    
    374              2          71979    
    375              2          71981    
    376              2          71983    
    377              2          71985    
    378              2          71987    
    379              2          71989    
    380           1206          73195    
    381             13          73208    
    382             13          73221    
    383             13          73234    
    384             13          73247    
    385             13          73260    
    386             13          73273    
    387             13          73286    
    388             13          73299    
    389             13          73312    
    390             13          73325    
    391              8          73333    
    392              2          73335    
    393              2          73337    
    394              2          73339    
    395              2          73341    
    396              2          73343    
    397              2          73345    
    398              2          73347    
    399              2          73349    
    400              2          73351    
    401              2          73353    
    402              2          73355    
    403              2          73357    
    404              2          73359    
    405              2          73361    
    406              2          73363    
    407              2          73365    
    408              2          73367    
    409              2          73369    
    410              2          73371    
    411              2          73373    
    412              2          73375    
    413              2          73377    
    414              2          73379    
    415              2          73381    
    416              2          73383    
    417              2          73385    
    418              2          73387    
    419              2          73389    
    420              2          73391    
    421              2          73393    
    422             10          73403    

Scene                        Shape Bytes    Text Bytes    ActionScript Bytes
-------------------------    -----------    ----------    ------------------
Scene 1                                0             0                   216

Symbol                       Shape Bytes    Text Bytes    ActionScript Bytes
-------------------------    -----------    ----------    ------------------
Symbol 15                              0             0                     0
Symbol 14                            197             0                     0
Symbol 14 copy                      1250             0                     0
seaBottomMC                            0             0                     0
Symbol 13                             41             0                     0
Symbol 12                              0           100                     0
Symbol 11                              0            60                     0
blueMC                                42             0                     0
Symbol 10                              0           117                     0
Symbol 9                               0            98                     0
Symbol 8                               0           115                     0
headMC                                 0             0                     0
Symbol 7                               0             0                     0
Symbol 4                               0             0                     0
logo                                 768             0                     0
Symbol 6                               0             0                     0
Symbol 2                             290             0                     9
Symbol 1                             177             0                     0
Symbol 3                             133             0                     0
CTA_arrow                              0             0                     0
Close Button                          64           165                    92
Close Button                          64           165                    92


Tweened Shapes: 520 bytes

Font Name                 Bytes        Characters    
----------------------    ---------    --------------
Hermes-Black                   2069     AFGHIMNRST
Hermes-Regular                 5094     BCFSW[]abcdehilmnoprstuwy

ActionScript Bytes    Location
------------------    --------
                49    Scene 1:actions:1
                 7    Symbol 2:Acions:136
                 2    Symbol 2:Acions:239
                91    
                58    Scene 1:close:1:No instance name assigned(Close Button)
                92    Close Button:graphic:1
                49    Scene 1:actions:301
                58    Scene 1:closeWhite:334:No instance name assigned(Close Button)
                 2    Scene 1:actions:422
              6884    ActionScript 2.0 Classes

Bitmap                     Compressed    Compression
-----------------------    ----------  --------  -----------
skyNew_728x90.jpg               2665      165984   JPEG Quality=50
seaTop.png                      7666      375648   JPEG Quality=40
Bitmap 17                       4906      532896   JPEG Quality=50
boatNoRod.png                   8193      114648   JPEG Quality=50
head.png                        3264       44892   JPEG Quality=50
tail.png                        3423       26980   JPEG Quality=80




