18571007_FB_SF_WPF_Nov10_SWS_EXP_.swf Movie Report
---------------------------------------------------

Metadata
--------
Bytes    Value
-----    -----
 1280    <rdf:RDF xmlns:rdf="http://www.w3.org/1999/02/22-rdf-syntax-ns#"> <rdf:Description rdf:about="" xmlns:xmp="http://ns.adobe.com/xap/1.0/"> <xmp:CreatorTool>Adobe Flash CS4 Professional</xmp:CreatorTool> <xmp:CreateDate>2010-08-26T17:20:22+01:00</xmp:CreateDate> <xmp:MetadataDate>2010-11-04T16:37:05Z</xmp:MetadataDate> <xmp:ModifyDate>2010-11-04T16:37:05Z</xmp:ModifyDate> </rdf:Description> <rdf:Description rdf:about="" xmlns:dc="http://purl.org/dc/elements/1.1/"> <dc:format>application/x-shockwave-flash</dc:format> </rdf:Description> <rdf:Description rdf:about="" xmlns:xmpMM="http://ns.adobe.com/xap/1.0/mm/" xmlns:stRef="http://ns.adobe.com/xap/1.0/sType/ResourceRef#"> <xmpMM:InstanceID>xmp.iid:9BB5CD5530E8DF1184A8D69F1D676145</xmpMM:InstanceID> <xmpMM:DocumentID>xmp.did:9BB5CD5530E8DF1184A8D69F1D676145</xmpMM:DocumentID> <xmpMM:OriginalDocumentID>xmp.did:C77D184F2BB1DF11BA08930025F44674</xmpMM:OriginalDocumentID> <xmpMM:DerivedFrom rdf:parseType="Resource"> <stRef:instanceID>xmp.iid:C593B95B2DE8DF1184A8D69F1D676145</stRef:instanceID> <stRef:documentID>xmp.did:C593B95B2DE8DF1184A8D69F1D676145</stRef:documentID> <stRef:originalDocumentID>xmp.did:C77D184F2BB1DF11BA08930025F44674</stRef:originalDocumentID> </xmpMM:DerivedFrom> </rdf:Description> </rdf:RDF> 

Frame #    Frame Bytes    Total Bytes    Scene
-------    -----------    -----------    ----------------
      1          66222          66222    Scene 1 (AS 2.0 Classes Export Frame)
      2             13          66235    
      3             13          66248    
      4             13          66261    
      5             13          66274    
      6             13          66287    
      7             13          66300    
      8             13          66313    
      9             14          66327    
     10             14          66341    
     11             14          66355    
     12             14          66369    
     13             14          66383    
     14             14          66397    
     15             14          66411    
     16             14          66425    
     17             14          66439    
     18             14          66453    
     19             14          66467    
     20             14          66481    
     21             14          66495    
     22             14          66509    
     23             14          66523    
     24             14          66537    
     25             14          66551    
     26            178          66729    
     27             23          66752    
     28             13          66765    
     29             13          66778    
     30             13          66791    
     31             13          66804    
     32             13          66817    
     33             13          66830    
     34             13          66843    
     35             13          66856    
     36             23          66879    
     37             23          66902    
     38             18          66920    
     39              2          66922    
     40              2          66924    
     41              2          66926    
     42              2          66928    
     43              2          66930    
     44              2          66932    
     45              2          66934    
     46              2          66936    
     47              2          66938    
     48              2          66940    
     49              2          66942    
     50              2          66944    
     51              2          66946    
     52              2          66948    
     53              2          66950    
     54              2          66952    
     55              2          66954    
     56              2          66956    
     57              2          66958    
     58              2          66960    
     59              2          66962    
     60              2          66964    
     61              2          66966    
     62              2          66968    
     63              2          66970    
     64              2          66972    
     65              2          66974    
     66              2          66976    
     67              2          66978    
     68              2          66980    
     69              2          66982    
     70              2          66984    
     71              2          66986    
     72              2          66988    
     73              2          66990    
     74              2          66992    
     75              2          66994    
     76              2          66996    
     77              2          66998    
     78              2          67000    
     79              2          67002    
     80              2          67004    
     81              2          67006    
     82              2          67008    
     83              2          67010    
     84              2          67012    
     85              2          67014    
     86              2          67016    
     87              2          67018    
     88              2          67020    
     89              2          67022    
     90              2          67024    
     91              2          67026    
     92              2          67028    
     93              2          67030    
     94              2          67032    
     95              2          67034    
     96              2          67036    
     97              2          67038    
     98              2          67040    
     99              2          67042    
    100             23          67065    
    101             13          67078    
    102             13          67091    
    103             13          67104    
    104             13          67117    
    105             13          67130    
    106             13          67143    
    107             13          67156    
    108             13          67169    
    109             13          67182    
    110             13          67195    
    111            170          67365    
    112             23          67388    
    113             13          67401    
    114             13          67414    
    115             13          67427    
    116             13          67440    
    117             13          67453    
    118             13          67466    
    119             13          67479    
    120             13          67492    
    121             13          67505    
    122             13          67518    
    123             18          67536    
    124              2          67538    
    125              2          67540    
    126              2          67542    
    127              2          67544    
    128              2          67546    
    129              2          67548    
    130              2          67550    
    131              2          67552    
    132              2          67554    
    133              2          67556    
    134              2          67558    
    135              2          67560    
    136              2          67562    
    137              2          67564    
    138              2          67566    
    139              2          67568    
    140              2          67570    
    141              2          67572    
    142              2          67574    
    143              2          67576    
    144              2          67578    
    145              2          67580    
    146              2          67582    
    147              2          67584    
    148              2          67586    
    149              2          67588    
    150              2          67590    
    151              2          67592    
    152              2          67594    
    153              2          67596    
    154              2          67598    
    155              2          67600    
    156              2          67602    
    157              2          67604    
    158              2          67606    
    159              2          67608    
    160              2          67610    
    161              2          67612    
    162              2          67614    
    163              2          67616    
    164              2          67618    
    165              2          67620    
    166              2          67622    
    167              2          67624    
    168              2          67626    
    169              2          67628    
    170              2          67630    
    171              2          67632    
    172              2          67634    
    173              2          67636    
    174              2          67638    
    175              2          67640    
    176              2          67642    
    177              2          67644    
    178              2          67646    
    179              2          67648    
    180              2          67650    
    181              2          67652    
    182              2          67654    
    183              2          67656    
    184              2          67658    
    185              2          67660    
    186              2          67662    
    187              2          67664    
    188              2          67666    
    189              2          67668    
    190              2          67670    
    191              2          67672    
    192              2          67674    
    193              2          67676    
    194              2          67678    
    195              2          67680    
    196              2          67682    
    197              2          67684    
    198              2          67686    
    199              2          67688    
    200              2          67690    
    201              2          67692    
    202             23          67715    
    203             13          67728    
    204             13          67741    
    205             13          67754    
    206             13          67767    
    207             13          67780    
    208             13          67793    
    209             13          67806    
    210             13          67819    
    211            189          68008    
    212             23          68031    
    213             13          68044    
    214             13          68057    
    215             13          68070    
    216             13          68083    
    217             13          68096    
    218             13          68109    
    219             13          68122    
    220             13          68135    
    221             13          68148    
    222             18          68166    
    223              2          68168    
    224              2          68170    
    225              2          68172    
    226              2          68174    
    227              2          68176    
    228              2          68178    
    229              2          68180    
    230              2          68182    
    231              2          68184    
    232              2          68186    
    233              2          68188    
    234              2          68190    
    235              2          68192    
    236              2          68194    
    237              2          68196    
    238              2          68198    
    239              2          68200    
    240              2          68202    
    241              2          68204    
    242              2          68206    
    243              2          68208    
    244              2          68210    
    245              2          68212    
    246              2          68214    
    247              2          68216    
    248              2          68218    
    249              2          68220    
    250              2          68222    
    251              2          68224    
    252              2          68226    
    253              2          68228    
    254              2          68230    
    255              2          68232    
    256              2          68234    
    257              2          68236    
    258              2          68238    
    259              2          68240    
    260              2          68242    
    261              2          68244    
    262              2          68246    
    263              2          68248    
    264              2          68250    
    265              2          68252    
    266              2          68254    
    267              2          68256    
    268              2          68258    
    269              2          68260    
    270              2          68262    
    271              2          68264    
    272              2          68266    
    273              2          68268    
    274              2          68270    
    275              2          68272    
    276              2          68274    
    277              2          68276    
    278              2          68278    
    279              2          68280    
    280              2          68282    
    281              2          68284    
    282              2          68286    
    283              2          68288    
    284              2          68290    
    285              2          68292    
    286              2          68294    
    287              2          68296    
    288              2          68298    
    289              2          68300    
    290              2          68302    
    291              2          68304    
    292              2          68306    
    293              2          68308    
    294              2          68310    
    295              2          68312    
    296              2          68314    
    297              2          68316    
    298              2          68318    
    299              2          68320    
    300              2          68322    
    301             57          68379    
    302             23          68402    
    303             13          68415    
    304             13          68428    
    305             13          68441    
    306             13          68454    
    307             13          68467    
    308             13          68480    
    309             13          68493    
    310             13          68506    
    311             13          68519    
    312             23          68542    
    313              2          68544    
    314              2          68546    
    315              2          68548    
    316              2          68550    
    317              2          68552    
    318              2          68554    
    319              2          68556    
    320              2          68558    
    321              2          68560    
    322              2          68562    
    323              2          68564    
    324              2          68566    
    325              2          68568    
    326              2          68570    
    327              2          68572    
    328              2          68574    
    329              2          68576    
    330              2          68578    
    331              2          68580    
    332              2          68582    
    333              2          68584    
    334            189          68773    
    335             43          68816    
    336             43          68859    
    337             43          68902    
    338             43          68945    
    339             43          68988    
    340             43          69031    
    341             43          69074    
    342             43          69117    
    343             43          69160    
    344             43          69203    
    345             43          69246    
    346             43          69289    
    347             43          69332    
    348             43          69375    
    349             43          69418    
    350           2377          71795    
    351             13          71808    
    352             13          71821    
    353             13          71834    
    354             13          71847    
    355             13          71860    
    356             13          71873    
    357             13          71886    
    358             13          71899    
    359             13          71912    
    360             13          71925    
    361             13          71938    
    362              8          71946    
    363              2          71948    
    364              2          71950    
    365              2          71952    
    366              2          71954    
    367              2          71956    
    368              2          71958    
    369              2          71960    
    370              2          71962    
    371              2          71964    
    372              2          71966    
    373              2          71968    
    374              2          71970    
    375              2          71972    
    376              2          71974    
    377              2          71976    
    378              2          71978    
    379              2          71980    
    380           1206          73186    
    381             13          73199    
    382             13          73212    
    383             13          73225    
    384             13          73238    
    385             13          73251    
    386             13          73264    
    387             13          73277    
    388             13          73290    
    389             13          73303    
    390             13          73316    
    391              8          73324    
    392              2          73326    
    393              2          73328    
    394              2          73330    
    395              2          73332    
    396              2          73334    
    397              2          73336    
    398              2          73338    
    399              2          73340    
    400              2          73342    
    401              2          73344    
    402              2          73346    
    403              2          73348    
    404              2          73350    
    405              2          73352    
    406              2          73354    
    407              2          73356    
    408              2          73358    
    409              2          73360    
    410              2          73362    
    411              2          73364    
    412              2          73366    
    413              2          73368    
    414              2          73370    
    415              2          73372    
    416              2          73374    
    417              2          73376    
    418              2          73378    
    419              2          73380    
    420              2          73382    
    421              2          73384    
    422             10          73394    

Scene                        Shape Bytes    Text Bytes    ActionScript Bytes
-------------------------    -----------    ----------    ------------------
Scene 1                                0             0                   216

Symbol                       Shape Bytes    Text Bytes    ActionScript Bytes
-------------------------    -----------    ----------    ------------------
Symbol 15                              0             0                     0
Symbol 14                            197             0                     0
Symbol 14 copy                      1249             0                     0
seaBottomMC                            0             0                     0
Symbol 13                             41             0                     0
Symbol 12                              0           100                     0
Symbol 11                              0            60                     0
blueMC                                42             0                     0
Symbol 10                              0           117                     0
Symbol 9                               0            98                     0
Symbol 8                               0           115                     0
headMC                                 0             0                     0
Symbol 7                               0             0                     0
Symbol 4                               0             0                     0
logo                                 768             0                     0
Symbol 6                               0             0                     0
Symbol 2                             290             0                     9
Symbol 1                             177             0                     0
Symbol 3                             133             0                     0
CTA_arrow                              0             0                     0
Close Button                          64           165                    92
Close Button                          64           165                    92


Tweened Shapes: 520 bytes

Font Name                 Bytes        Characters    
----------------------    ---------    --------------
Hermes-Black                   2069     AFGHIMNRST
Hermes-Regular                 5094     BCFSW[]abcdehilmnoprstuwy

ActionScript Bytes    Location
------------------    --------
                49    Scene 1:actions:1
                 7    Symbol 2:Acions:136
                 2    Symbol 2:Acions:239
                83    
                58    Scene 1:close:1:No instance name assigned(Close Button)
                92    Close Button:graphic:1
                49    Scene 1:actions:301
                58    Scene 1:closeWhite:334:No instance name assigned(Close Button)
                 2    Scene 1:actions:422
              6884    ActionScript 2.0 Classes

Bitmap                     Compressed    Compression
-----------------------    ----------  --------  -----------
skyNew_728x90.jpg               2665      165984   JPEG Quality=50
seaTop.png                      7666      375648   JPEG Quality=40
Bitmap 17                       4906      532896   JPEG Quality=50
boatNoRod.png                   8193      114648   JPEG Quality=50
head.png                        3264       44892   JPEG Quality=50
tail.png                        3423       26980   JPEG Quality=80




