MarlinExpand2.swf Movie Report
-------------------------------

Metadata
--------
Bytes    Value
-----    -----
 1280    <rdf:RDF xmlns:rdf="http://www.w3.org/1999/02/22-rdf-syntax-ns#"> <rdf:Description rdf:about="" xmlns:xmp="http://ns.adobe.com/xap/1.0/"> <xmp:CreatorTool>Adobe Flash CS4 Professional</xmp:CreatorTool> <xmp:CreateDate>2010-08-26T17:20:22+01:00</xmp:CreateDate> <xmp:MetadataDate>2010-11-03T15:03:48Z</xmp:MetadataDate> <xmp:ModifyDate>2010-11-03T15:03:48Z</xmp:ModifyDate> </rdf:Description> <rdf:Description rdf:about="" xmlns:dc="http://purl.org/dc/elements/1.1/"> <dc:format>application/x-shockwave-flash</dc:format> </rdf:Description> <rdf:Description rdf:about="" xmlns:xmpMM="http://ns.adobe.com/xap/1.0/mm/" xmlns:stRef="http://ns.adobe.com/xap/1.0/sType/ResourceRef#"> <xmpMM:InstanceID>xmp.iid:C81848632B20681197A5D6152C96FD59</xmpMM:InstanceID> <xmpMM:DocumentID>xmp.did:C81848632B20681197A5D6152C96FD59</xmpMM:DocumentID> <xmpMM:OriginalDocumentID>xmp.did:C77D184F2BB1DF11BA08930025F44674</xmpMM:OriginalDocumentID> <xmpMM:DerivedFrom rdf:parseType="Resource"> <stRef:instanceID>xmp.iid:D1421FE51A20681197A5D6152C96FD59</stRef:instanceID> <stRef:documentID>xmp.did:D1421FE51A20681197A5D6152C96FD59</stRef:documentID> <stRef:originalDocumentID>xmp.did:C77D184F2BB1DF11BA08930025F44674</stRef:originalDocumentID> </xmpMM:DerivedFrom> </rdf:Description> </rdf:RDF> 

Frame #    Frame Bytes    Total Bytes    Scene
-------    -----------    -----------    ----------------
      1          63567          63567    Scene 1 (AS 2.0 Classes Export Frame)
      2             13          63580    
      3             13          63593    
      4             13          63606    
      5             13          63619    
      6             13          63632    
      7             13          63645    
      8             13          63658    
      9             14          63672    
     10             14          63686    
     11             14          63700    
     12             14          63714    
     13             14          63728    
     14             14          63742    
     15             14          63756    
     16             14          63770    
     17             14          63784    
     18             14          63798    
     19             14          63812    
     20             14          63826    
     21             14          63840    
     22             14          63854    
     23             14          63868    
     24             14          63882    
     25             14          63896    
     26            178          64074    
     27             23          64097    
     28             13          64110    
     29             13          64123    
     30             13          64136    
     31             13          64149    
     32             13          64162    
     33             13          64175    
     34             13          64188    
     35             13          64201    
     36             23          64224    
     37             23          64247    
     38             18          64265    
     39              2          64267    
     40              2          64269    
     41              2          64271    
     42              2          64273    
     43              2          64275    
     44              2          64277    
     45              2          64279    
     46              2          64281    
     47              2          64283    
     48              2          64285    
     49              2          64287    
     50              2          64289    
     51              2          64291    
     52              2          64293    
     53              2          64295    
     54              2          64297    
     55              2          64299    
     56              2          64301    
     57              2          64303    
     58              2          64305    
     59              2          64307    
     60              2          64309    
     61              2          64311    
     62              2          64313    
     63              2          64315    
     64              2          64317    
     65              2          64319    
     66              2          64321    
     67              2          64323    
     68              2          64325    
     69              2          64327    
     70              2          64329    
     71              2          64331    
     72              2          64333    
     73              2          64335    
     74              2          64337    
     75              2          64339    
     76              2          64341    
     77              2          64343    
     78              2          64345    
     79              2          64347    
     80              2          64349    
     81              2          64351    
     82              2          64353    
     83              2          64355    
     84              2          64357    
     85              2          64359    
     86              2          64361    
     87              2          64363    
     88              2          64365    
     89              2          64367    
     90              2          64369    
     91              2          64371    
     92              2          64373    
     93              2          64375    
     94              2          64377    
     95              2          64379    
     96              2          64381    
     97              2          64383    
     98              2          64385    
     99              2          64387    
    100             23          64410    
    101             13          64423    
    102             13          64436    
    103             13          64449    
    104             13          64462    
    105             13          64475    
    106             13          64488    
    107             13          64501    
    108             13          64514    
    109             13          64527    
    110             13          64540    
    111            170          64710    
    112             23          64733    
    113             13          64746    
    114             13          64759    
    115             13          64772    
    116             13          64785    
    117             13          64798    
    118             13          64811    
    119             13          64824    
    120             13          64837    
    121             13          64850    
    122             13          64863    
    123             18          64881    
    124              2          64883    
    125              2          64885    
    126              2          64887    
    127              2          64889    
    128              2          64891    
    129              2          64893    
    130              2          64895    
    131              2          64897    
    132              2          64899    
    133              2          64901    
    134              2          64903    
    135              2          64905    
    136              2          64907    
    137              2          64909    
    138              2          64911    
    139              2          64913    
    140              2          64915    
    141              2          64917    
    142              2          64919    
    143              2          64921    
    144              2          64923    
    145              2          64925    
    146              2          64927    
    147              2          64929    
    148              2          64931    
    149              2          64933    
    150              2          64935    
    151              2          64937    
    152              2          64939    
    153              2          64941    
    154              2          64943    
    155              2          64945    
    156              2          64947    
    157              2          64949    
    158              2          64951    
    159              2          64953    
    160              2          64955    
    161              2          64957    
    162              2          64959    
    163              2          64961    
    164              2          64963    
    165              2          64965    
    166              2          64967    
    167              2          64969    
    168              2          64971    
    169              2          64973    
    170              2          64975    
    171              2          64977    
    172              2          64979    
    173              2          64981    
    174              2          64983    
    175              2          64985    
    176              2          64987    
    177              2          64989    
    178              2          64991    
    179              2          64993    
    180              2          64995    
    181              2          64997    
    182              2          64999    
    183              2          65001    
    184              2          65003    
    185              2          65005    
    186              2          65007    
    187              2          65009    
    188              2          65011    
    189              2          65013    
    190              2          65015    
    191              2          65017    
    192              2          65019    
    193              2          65021    
    194              2          65023    
    195              2          65025    
    196              2          65027    
    197              2          65029    
    198              2          65031    
    199              2          65033    
    200              2          65035    
    201              2          65037    
    202             23          65060    
    203             13          65073    
    204             13          65086    
    205             13          65099    
    206             13          65112    
    207             13          65125    
    208             13          65138    
    209             13          65151    
    210             13          65164    
    211            189          65353    
    212             23          65376    
    213             13          65389    
    214             13          65402    
    215             13          65415    
    216             13          65428    
    217             13          65441    
    218             13          65454    
    219             13          65467    
    220             13          65480    
    221             13          65493    
    222             18          65511    
    223              2          65513    
    224              2          65515    
    225              2          65517    
    226              2          65519    
    227              2          65521    
    228              2          65523    
    229              2          65525    
    230              2          65527    
    231              2          65529    
    232              2          65531    
    233              2          65533    
    234              2          65535    
    235              2          65537    
    236              2          65539    
    237              2          65541    
    238              2          65543    
    239              2          65545    
    240              2          65547    
    241              2          65549    
    242              2          65551    
    243              2          65553    
    244              2          65555    
    245              2          65557    
    246              2          65559    
    247              2          65561    
    248              2          65563    
    249              2          65565    
    250              2          65567    
    251              2          65569    
    252              2          65571    
    253              2          65573    
    254              2          65575    
    255              2          65577    
    256              2          65579    
    257              2          65581    
    258              2          65583    
    259              2          65585    
    260              2          65587    
    261              2          65589    
    262              2          65591    
    263              2          65593    
    264              2          65595    
    265              2          65597    
    266              2          65599    
    267              2          65601    
    268              2          65603    
    269              2          65605    
    270              2          65607    
    271              2          65609    
    272              2          65611    
    273              2          65613    
    274              2          65615    
    275              2          65617    
    276              2          65619    
    277              2          65621    
    278              2          65623    
    279              2          65625    
    280              2          65627    
    281              2          65629    
    282              2          65631    
    283              2          65633    
    284              2          65635    
    285              2          65637    
    286              2          65639    
    287              2          65641    
    288              2          65643    
    289              2          65645    
    290              2          65647    
    291              2          65649    
    292              2          65651    
    293              2          65653    
    294              2          65655    
    295              2          65657    
    296              2          65659    
    297              2          65661    
    298              2          65663    
    299              2          65665    
    300              2          65667    
    301             57          65724    
    302             23          65747    
    303             13          65760    
    304             13          65773    
    305             13          65786    
    306             13          65799    
    307             13          65812    
    308             13          65825    
    309             13          65838    
    310             13          65851    
    311             13          65864    
    312             23          65887    
    313              2          65889    
    314              2          65891    
    315              2          65893    
    316              2          65895    
    317              2          65897    
    318              2          65899    
    319              2          65901    
    320              2          65903    
    321              2          65905    
    322              2          65907    
    323              2          65909    
    324              2          65911    
    325              2          65913    
    326              2          65915    
    327              2          65917    
    328              2          65919    
    329              2          65921    
    330              2          65923    
    331              2          65925    
    332              2          65927    
    333              2          65929    
    334            189          66118    
    335             43          66161    
    336             43          66204    
    337             43          66247    
    338             43          66290    
    339             43          66333    
    340             43          66376    
    341             43          66419    
    342             43          66462    
    343             43          66505    
    344             43          66548    
    345             43          66591    
    346             43          66634    
    347             43          66677    
    348             43          66720    
    349             43          66763    
    350           1842          68605    
    351             13          68618    
    352             13          68631    
    353             13          68644    
    354             13          68657    
    355             13          68670    
    356             13          68683    
    357             13          68696    
    358             13          68709    
    359             13          68722    
    360             13          68735    
    361             13          68748    
    362              8          68756    
    363              2          68758    
    364              2          68760    
    365              2          68762    
    366              2          68764    
    367              2          68766    
    368              2          68768    
    369              2          68770    
    370              2          68772    
    371              2          68774    
    372              2          68776    
    373              2          68778    
    374              2          68780    
    375              2          68782    
    376              2          68784    
    377              2          68786    
    378              2          68788    
    379              2          68790    
    380           1206          69996    
    381             13          70009    
    382             13          70022    
    383             13          70035    
    384             13          70048    
    385             13          70061    
    386             13          70074    
    387             13          70087    
    388             13          70100    
    389             13          70113    
    390             13          70126    
    391              8          70134    
    392              2          70136    
    393              2          70138    
    394              2          70140    
    395              2          70142    
    396              2          70144    
    397              2          70146    
    398              2          70148    
    399              2          70150    
    400              2          70152    
    401              2          70154    
    402              2          70156    
    403              2          70158    
    404              2          70160    
    405              2          70162    
    406              2          70164    
    407              2          70166    
    408              2          70168    
    409              2          70170    
    410              2          70172    
    411              2          70174    
    412              2          70176    
    413              2          70178    
    414              2          70180    
    415              2          70182    
    416              2          70184    
    417              2          70186    
    418              2          70188    
    419              2          70190    
    420              2          70192    
    421              2          70194    
    422             10          70204    

Scene                        Shape Bytes    Text Bytes    ActionScript Bytes
-------------------------    -----------    ----------    ------------------
Scene 1                                0             0                   216

Symbol                       Shape Bytes    Text Bytes    ActionScript Bytes
-------------------------    -----------    ----------    ------------------
Symbol 15                              0             0                     0
Symbol 14                            197             0                     0
Symbol 14 copy                      1250             0                     0
seaBottomMC                            0             0                     0
Symbol 13                             41             0                     0
Symbol 12                              0           100                     0
Symbol 11                              0            60                     0
blueMC                                42             0                     0
Symbol 10                              0           117                     0
Symbol 9                               0            98                     0
Symbol 8                               0           115                     0
headMC                                 0             0                     0
Symbol 7                               0             0                     0
Symbol 4                               0             0                     0
logo                                 768             0                     0
Symbol 6                               0             0                     0
Symbol 2                             290             0                     9
Symbol 1                             177             0                     0
Symbol 3                             133             0                     0
CTA_arrow                              0             0                     0
Close Button                          64           165                    92
Close Button                          64           165                    92


Tweened Shapes: 520 bytes

Font Name                 Bytes        Characters    
----------------------    ---------    --------------
Hermes-Black                   1534     AFGHIMNRST
Hermes-Regular                 3709     BCFSW[]abcdehilmnoprstuwy

ActionScript Bytes    Location
------------------    --------
                49    Scene 1:actions:1
                 7    Symbol 2:Acions:136
                 2    Symbol 2:Acions:239
                58    Scene 1:close:1:No instance name assigned(Close Button)
                92    Close Button:graphic:1
                49    Scene 1:actions:301
                58    Scene 1:closeWhite:334:No instance name assigned(Close Button)
                 2    Scene 1:actions:422
              5970    ActionScript 2.0 Classes

Bitmap                     Compressed    Compression
-----------------------    ----------  --------  -----------
skyNew_728x90.jpg               2665      165984   JPEG Quality=50
seaTop.png                      7666      375648   JPEG Quality=40
Bitmap 17                       4906      532896   JPEG Quality=50
boatNoRod.png                   8193      114648   JPEG Quality=50
head.png                        3264       44892   JPEG Quality=50
tail.png                        3423       26980   JPEG Quality=80




