ForGif.swf Movie Report
------------------------

Metadata
--------
Bytes    Value
-----    -----
 1290    <rdf:RDF xmlns:rdf="http://www.w3.org/1999/02/22-rdf-syntax-ns#"> <rdf:Description rdf:about="" xmlns:xmp="http://ns.adobe.com/xap/1.0/"> <xmp:CreatorTool>Adobe Flash CS4 Professional</xmp:CreatorTool> <xmp:CreateDate>2010-07-26T15:30:35+01:00</xmp:CreateDate> <xmp:MetadataDate>2010-10-22T17:15:54+01:00</xmp:MetadataDate> <xmp:ModifyDate>2010-10-22T17:15:54+01:00</xmp:ModifyDate> </rdf:Description> <rdf:Description rdf:about="" xmlns:dc="http://purl.org/dc/elements/1.1/"> <dc:format>application/x-shockwave-flash</dc:format> </rdf:Description> <rdf:Description rdf:about="" xmlns:xmpMM="http://ns.adobe.com/xap/1.0/mm/" xmlns:stRef="http://ns.adobe.com/xap/1.0/sType/ResourceRef#"> <xmpMM:DerivedFrom rdf:parseType="Resource"> <stRef:instanceID>xmp.iid:091EE1F239A5DF118392E001BBE76A4C</stRef:instanceID> <stRef:documentID>xmp.did:091EE1F239A5DF118392E001BBE76A4C</stRef:documentID> <stRef:originalDocumentID>xmp.did:124E4580CE98DF119F8E8ECDDE51473C</stRef:originalDocumentID> </xmpMM:DerivedFrom> <xmpMM:DocumentID>xmp.did:49E1384FF7DDDF118F0FCA9D15D5BDB4</xmpMM:DocumentID> <xmpMM:InstanceID>xmp.iid:49E1384FF7DDDF118F0FCA9D15D5BDB4</xmpMM:InstanceID> <xmpMM:OriginalDocumentID>xmp.did:124E4580CE98DF119F8E8ECDDE51473C</xmpMM:OriginalDocumentID> </rdf:Description> </rdf:RDF> 

Frame #    Frame Bytes    Total Bytes    Scene
-------    -----------    -----------    ----------------
      1          89030          89030    Scene 1 (AS 2.0 Classes Export Frame)
      2              2          89032    
      3              2          89034    
      4              2          89036    
      5              2          89038    
      6              2          89040    
      7              2          89042    
      8              2          89044    
      9              2          89046    
     10              2          89048    
     11              2          89050    
     12              2          89052    
     13              2          89054    
     14              2          89056    
     15              2          89058    
     16              2          89060    
     17              2          89062    
     18              2          89064    
     19              2          89066    
     20              2          89068    
     21              2          89070    
     22              2          89072    
     23              2          89074    
     24              2          89076    
     25              2          89078    
     26              2          89080    
     27              2          89082    
     28              2          89084    
     29              2          89086    
     30              2          89088    
     31              2          89090    
     32              2          89092    
     33              2          89094    
     34              2          89096    
     35              2          89098    
     36              2          89100    
     37              2          89102    
     38              2          89104    
     39              2          89106    
     40              2          89108    
     41              2          89110    
     42              2          89112    
     43              2          89114    
     44              2          89116    
     45              2          89118    
     46              2          89120    
     47              2          89122    
     48              2          89124    
     49              2          89126    
     50              2          89128    
     51              2          89130    
     52              2          89132    
     53              2          89134    
     54              2          89136    
     55              2          89138    
     56              2          89140    
     57              2          89142    
     58              2          89144    
     59              2          89146    
     60              2          89148    
     61              2          89150    
     62              2          89152    
     63              2          89154    
     64              2          89156    
     65              2          89158    
     66              2          89160    
     67              2          89162    
     68              2          89164    
     69              2          89166    
     70              2          89168    
     71              2          89170    
     72              2          89172    
     73              2          89174    
     74              2          89176    
     75              2          89178    
     76              2          89180    
     77              2          89182    
     78              2          89184    
     79              2          89186    
     80              2          89188    
     81              2          89190    
     82              2          89192    
     83              2          89194    
     84              2          89196    
     85              2          89198    
     86              2          89200    
     87              2          89202    
     88              2          89204    
     89              2          89206    
     90              2          89208    
     91              2          89210    
     92              2          89212    
     93              2          89214    
     94              2          89216    
     95              2          89218    
     96              2          89220    
     97              2          89222    
     98              2          89224    
     99              2          89226    
    100              2          89228    
    101              2          89230    
    102              2          89232    
    103              2          89234    
    104              2          89236    
    105              2          89238    
    106              2          89240    
    107              2          89242    
    108              2          89244    
    109              2          89246    
    110              2          89248    
    111              2          89250    
    112              2          89252    
    113              2          89254    
    114              2          89256    
    115              2          89258    
    116              2          89260    
    117              2          89262    
    118              2          89264    
    119              2          89266    
    120              2          89268    
    121              2          89270    
    122             49          89319    
    123              2          89321    
    124              2          89323    
    125              2          89325    
    126              2          89327    
    127              2          89329    
    128              2          89331    
    129              2          89333    
    130              2          89335    
    131              2          89337    
    132              2          89339    
    133              2          89341    
    134              2          89343    
    135              2          89345    
    136              2          89347    
    137              2          89349    
    138              2          89351    
    139              2          89353    
    140              2          89355    
    141              2          89357    
    142              2          89359    
    143              2          89361    
    144              2          89363    
    145              2          89365    
    146              2          89367    
    147              2          89369    
    148              2          89371    
    149              2          89373    
    150              2          89375    
    151              2          89377    
    152              2          89379    
    153              2          89381    
    154              2          89383    
    155              2          89385    
    156              2          89387    
    157              2          89389    
    158              2          89391    
    159              2          89393    
    160              2          89395    
    161              2          89397    
    162              2          89399    
    163              2          89401    
    164              2          89403    
    165              2          89405    
    166              2          89407    
    167              2          89409    
    168              2          89411    
    169              2          89413    
    170              2          89415    
    171              2          89417    
    172              2          89419    
    173              2          89421    
    174              2          89423    
    175              2          89425    
    176              2          89427    
    177              2          89429    
    178              2          89431    
    179              2          89433    
    180              2          89435    
    181              2          89437    
    182              2          89439    
    183              2          89441    
    184              2          89443    
    185              2          89445    
    186              2          89447    
    187              2          89449    
    188              2          89451    
    189              2          89453    
    190              2          89455    
    191              2          89457    
    192              2          89459    
    193              2          89461    
    194              2          89463    
    195              2          89465    
    196              2          89467    
    197              2          89469    
    198              2          89471    
    199              2          89473    
    200              2          89475    
    201              2          89477    
    202              2          89479    
    203              2          89481    
    204              2          89483    
    205              2          89485    
    206              2          89487    
    207              2          89489    
    208              2          89491    
    209              2          89493    
    210              2          89495    
    211              2          89497    
    212              2          89499    
    213              2          89501    
    214              2          89503    
    215              2          89505    
    216              2          89507    
    217              2          89509    
    218              2          89511    
    219              2          89513    
    220              2          89515    
    221              2          89517    
    222              2          89519    
    223              2          89521    
    224              2          89523    
    225              2          89525    
    226              2          89527    
    227              2          89529    
    228              2          89531    
    229              2          89533    
    230              2          89535    
    231              2          89537    
    232              2          89539    
    233              2          89541    
    234              2          89543    
    235              2          89545    
    236              2          89547    
    237              2          89549    
    238              2          89551    
    239              2          89553    
    240              2          89555    
    241              2          89557    
    242              2          89559    
    243              2          89561    
    244              2          89563    
    245              2          89565    
    246              2          89567    
    247              2          89569    
    248              2          89571    
    249              2          89573    
    250              2          89575    
    251              2          89577    
    252              2          89579    
    253              2          89581    
    254              2          89583    
    255              2          89585    
    256              2          89587    
    257              2          89589    
    258              2          89591    
    259              2          89593    
    260              2          89595    
    261              2          89597    
    262              2          89599    
    263              2          89601    
    264              2          89603    
    265              2          89605    
    266              2          89607    
    267              2          89609    
    268              2          89611    
    269              2          89613    
    270              2          89615    
    271              2          89617    
    272              2          89619    
    273              2          89621    
    274              2          89623    
    275              2          89625    
    276              2          89627    
    277              2          89629    
    278              2          89631    
    279              2          89633    
    280              2          89635    
    281              2          89637    
    282              2          89639    
    283             10          89649    
    284              2          89651    
    285              2          89653    
    286              2          89655    
    287              2          89657    
    288              2          89659    
    289              2          89661    
    290              2          89663    
    291              2          89665    
    292              2          89667    
    293              2          89669    
    294              2          89671    
    295              2          89673    
    296              2          89675    
    297              2          89677    
    298              2          89679    
    299              2          89681    
    300              2          89683    
    301              2          89685    
    302              2          89687    
    303              2          89689    
    304              2          89691    
    305              2          89693    
    306              2          89695    
    307              2          89697    
    308              2          89699    
    309              2          89701    
    310              2          89703    
    311              2          89705    
    312              2          89707    
    313              2          89709    
    314              2          89711    
    315              2          89713    
    316              2          89715    
    317              2          89717    
    318              2          89719    
    319              2          89721    
    320              2          89723    
    321              2          89725    
    322              2          89727    
    323              2          89729    
    324              2          89731    
    325              2          89733    
    326              2          89735    
    327              2          89737    
    328              2          89739    
    329              2          89741    
    330              2          89743    
    331              2          89745    
    332              2          89747    
    333              2          89749    
    334              2          89751    
    335              2          89753    
    336              2          89755    
    337              2          89757    
    338              2          89759    
    339              2          89761    
    340              2          89763    
    341              2          89765    
    342              2          89767    
    343              2          89769    
    344              2          89771    
    345              2          89773    
    346              2          89775    
    347              2          89777    
    348              2          89779    
    349              2          89781    
    350              2          89783    
    351              2          89785    
    352              2          89787    
    353              2          89789    
    354              2          89791    
    355              2          89793    
    356              2          89795    
    357              2          89797    
    358              2          89799    
    359              2          89801    
    360              2          89803    
    361              2          89805    
    362              2          89807    
    363              2          89809    
    364              2          89811    
    365              2          89813    
    366              2          89815    
    367              2          89817    
    368              2          89819    
    369              2          89821    
    370              2          89823    
    371              2          89825    
    372              2          89827    
    373              2          89829    
    374              2          89831    
    375              2          89833    
    376              2          89835    
    377              2          89837    
    378              2          89839    
    379              2          89841    
    380              2          89843    
    381              2          89845    
    382              2          89847    
    383              2          89849    
    384              2          89851    
    385              2          89853    
    386              2          89855    
    387              2          89857    
    388              2          89859    
    389              2          89861    
    390              2          89863    
    391              2          89865    
    392              2          89867    
    393              2          89869    
    394              2          89871    
    395              2          89873    
    396              2          89875    
    397              2          89877    

Scene                        Shape Bytes    Text Bytes    ActionScript Bytes
-------------------------    -----------    ----------    ------------------
Scene 1                                0             0                    43

Symbol                       Shape Bytes    Text Bytes    ActionScript Bytes
-------------------------    -----------    ----------    ------------------
bg_img                                 0             0                     0
sos_mc                                 0             0                     0
vid_mc2                                0             0                     0
Tween 7                                0             0                     0
Tween 5                                0             0                     0
wave_mc                                0             0                     0
mask_mc                                0             0                     0
Background                             0             0                     0
Page 1                                 0             0                     0
55 blue                                0             0                     0
55 white                               0             0                     0
waves small                            0             0                     0
mask                                   0             0                     0
waves                                  0             0                     0
Tween 3                                0             0                     0
Tween 1                                0             0                     0
largerWaves                            0             0                     0
wavesBlur effect                       0             0                     0
FINALwaves_mc                          0             0                     0
wavesNew                               0             0                     0
skyCutoutWithFilters                   0             0                     0
Tween 48                               0             0                     0
Tween 47                               0             0                     0
sosFade                                0             0                     0
Tween 46                               0             0                     0
lastSea                                0             0                     0
Tween 37                               0             0                     0
sea1_mc                                0             0                     0
sea_mc                                 0             0                     0
Tween 32                               0             0                     0
Tween 31                               0             0                     0
Tween 23                               0             0                     0
SeaImage                               0             0                     0
Tween 22                               0             0                     0
click tag button                       0             0                     0
Tween 21                               0             0                     0
Tween 17                               0             0                     0
Tween 16                               0             0                     0
Tween 15                               0             0                     0
workAndPlay                            0             0                     0
Tween 12                               0             0                     0
Tween 6                                0             0                     0
seaCuout_mc                            0             0                     0
genbtn                                 0             0                     0
Tween 39                               0             0                     0
sea                                    0             0                     0
copy2MC                                0             0                     0
waveyMC#                               0             0                     0
Symbol 2                               0             0                     0
Symbol 8                               0             0                     0
sea                                    0             0                     0
waveyMC                                0             0                     0
waveyMC2                               0             0                     0
waveyMC3                               0             0                     0
waveyMC4                               0             0                     0
waveyMC5                               0             0                     0
wave top masked                        0             0                     0
lifeSaver_mc                           0             0                     0
Symbol 9                               0             0                     0
Tween 8                                0             0                     0
sea_slide_mc                           0             0                     0
seaFINAL_mc                            0             0                     0
seaFINALSkewed_mc                      0             0                     0
SeaFINAL_loop_mc                       0             0                     0
sea_animation1_mc                      0             0                     0
Tween 2                                0             0                     0
sky_mc                                53             0                     0
Sea_flv                                0             0                     0
Symbol 6                               0             0                     0
SOS_LifeSaver                          0             0                     0
SOS                                    0             0                     0
Tween 4                                0             0                     0
Symbol 6 copy                          0             0                     0
Symbol 12                              0             0                     0
logo                                   0             0                     0
Symbol 11                              0             0                     0
Symbol 3                               0             0                     0
CTA_arrow                              0             0                     0
Symbol 10                              0             0                     0

ActionScript Bytes    Location
------------------    --------
                41    Scene 1:as:122
                 2    Scene 1:as:283
             87250    ActionScript 2.0 Classes




